((("by-id" .
   [1 0 0 0 0])
  ("by" .
   [1 0])
  ("By" .
   [0 1])
  ("dom" .
   [1 0 0])
  ("ajax" .
   [1 0 0 0])
  ("alert" .
   [2 0 0 0 0])
  ("lift" .
   [1 0 0 0])
  ("MONAD" .
   [0 0 1 0 0])
  ("bind" .
   [1 0 0 0])
  ("args" .
   [2 0 0 0])
  ("localhost" .
   [0 1 0 0 0 0 0 0 0])
  ("name" .
   [3 0 0 0])
  ("unit" .
   [4 0 0 0])
  ("apply" .
   [1 0 0 0 0])
  ("slice" .
   [0 0 1 0 0])
  ("Array" .
   [1 0 0 0 0])
  ("concat" .
   [1 0 0 0 0 0])
  ("undefined" .
   [0 0 0 0 1 0 0 0 0])
  ("config" .
   [1 0 0 0 0 0])
  ("value" .
   [2 0 0 0 0])
  ("func" .
   [5 0 0 0])
  ("monad" .
   [4 0 0 0 0])
  ("null" .
   [1 0 0 0])
  ("create" .
   [5 0 0 0 0 0])
  ("Object" .
   [0 0 2 0 0 0])
  ("prototype" .
   [1 0 0 2 0 1 0 0 0])
  ("__dirname" .
   [0 0 0 0 0 1 0 0 0])
  ("join" .
   [1 0 0 0])
  ("argv" .
   [1 0 0 0])
  ("static" .
   [1 0 0 0 0 0])
  ("express" .
   [1 0 0 0 0 0 0])
  ("stylus" .
   [2 0 0 0 0 0])
  ("use" .
   [3 0 0])
  ("app" .
   [3 0 0])
  ("type" .
   [0 0 0 1])
  ("function" .
   [4 0 0 0 0 0 0 2])
  ("true" .
   [2 0 0 0])
  ("remote" .
   [2 0 0 0 0 0])
  ("meta" .
   [3 0 0 0])
  ("if" .
   [1 0])
  ("emit" .
   [1 0 0 0])
  ("socket" .
   [0 0 0 1 0 1])
  ("next" .
   [2 0 0 0])
  ("return" .
   [7 0 0 0 0 0])
  ("console" .
   [2 0 0 0 1 0 0])
  ("action" .
   [6 0 0 0 0 0])
  ("store" .
   [1 0 0 0 0])
  ("default" .
   [0 0 0 0 0 0 1])
  ("export" .
   [2 0 0 0 0 0])
  ("require" .
   [2 0 0 0 0 0 0])
  ("var" .
   [5 0 0])))
